pc wdr0001.dtx

44 65 74 61 69 6C 74 65 78 20 54 65 78 5C 44 65
74 61 69 6C 54 65 78 5C 44 74 6C 30 30 30 37 2E
64 74 78 00 00 00 00 00 00 00 00 00 00 00 00 00
00 00 00 00 00 00 00 00 00 00 00 00 00 00 00 00
00 00 00 00 00 00 00 00 00 00 00 00 00 00 00 00
00 00 00 00 00 00 00 00 00 00 00 00 00 00 00 00
00 00 00 00 00 00 00 00 00 00 00 00 00 00 00 00
00 00 00 00 00 00 00 00 00 00 00 00 00 00 00 00


ps2 wdr0001.dtx
44 65 74 61 69 6C 74 65 78 20 54 65 78 5C 44 65
74 61 69 6C 54 65 78 5C 44 74 6C 30 30 30 37 2E
64 74 78 00 5C 44 74 6C 30 30 32 39 2E 64 74 78
00 36 23 01 08 37 23 01 18 37 23 01 28 37 23 01
38 37 23 01 48 37 23 01 58 37 23 01 68 37 23 01
78 37 23 01 88 37 23 01 98 37 23 01 A8 37 23 01
B8 37 23 01 C8 37 23 01 D8 37 23 01 E8 37 23 01
F8 37 23 01 08 38 23 01 18 38 23 01 28 38 23 01
